0.        0.        1.        0.
0.125     0.        0.992197 -0.124665
0.25      0.        0.96891  -0.247384
0.375     0.        0.930502 -0.366242
0.5       0.        0.877573 -0.479385
0.625     0.        0.810948 -0.585046
0.75      0.        0.731668 -0.681578
0.875     0.        0.64097  -0.767473
1.        0.        0.540268 -0.84139
1.125     0.        0.431135 -0.902177
1.25      0.        0.315274 -0.948885
1.375     0.        0.194493 -0.980784
1.5       0.        0.070676 -0.997378
1.625     0.       -0.054243 -0.998406
1.75      0.       -0.178316 -0.983853
1.875     0.       -0.299606 -0.953946
2.        0.       -0.416221 -0.909153
2.125     0.       -0.52634  -0.85017
2.25      0.       -0.628245 -0.777921
2.375     0.       -0.720346 -0.693531
2.5       0.       -0.801204 -0.598318
2.625     0.       -0.86956  -0.493767
2.75      0.       -0.924345 -0.381511
2.875     0.       -0.964705 -0.263301
3.        0.       -0.99001  -0.140982
3.125     0.       -0.999864 -0.016463
3.25      0.       -0.994115  0.108313
3.375     0.       -0.972852  0.231399
3.5       0.       -0.936407  0.350874
3.625     0.       -0.885348  0.464873
3.75      0.       -0.820472  0.571617
3.875     0.       -0.742792  0.66944
4.        0.       -0.65352   0.756816
4.125     0.       -0.55405   0.832382
4.25      0.       -0.445933  0.894957
4.375     0.       -0.330856  0.943566
4.5       0.       -0.210617  0.977449
4.625     0.       -0.08709   0.996079
4.75      0.        0.037795  0.999164
4.875     0.        0.162091  0.986655
5.        0.        0.283857  0.958749
5.125     0.        0.401194  0.915881
5.25      0.        0.512269  0.85872
5.375     0.        0.61535   0.788158
5.5       0.        0.708828  0.705296
5.625     0.        0.791244  0.611426
5.75      0.        0.861311  0.508016
5.875     0.        0.917938  0.396676
6.        0.        0.960238  0.279147
6.125     0.        0.987554  0.157261
6.25      0.        0.999458  0.032921
6.375     0.        0.995764 -0.091933
6.5       0.        0.976531 -0.215352
6.625     0.        0.942058 -0.33541
6.75      0.        0.892883 -0.450234
6.875     0.        0.829774 -0.558032
7.        0.        0.753715 -0.657121
7.125     0.        0.665894 -0.745955
7.25      0.        0.567681 -0.823148
7.375     0.        0.460609 -0.887495
7.5       0.        0.346349 -0.937991
7.625     0.        0.226684 -0.97385
7.75      0.        0.103481 -0.99451
7.875     0.       -0.021337 -0.99965
8.        0.       -0.145822 -0.98919